<?xml version="1.0"?>
<opencv_storage>
<Camera_Matrix type_id="opencv-matrix">
  <rows>3</rows>
  <cols>3</cols>
  <dt>d</dt>
  <data>
    608.80341013 0. 608.80341013 0.
    606.3501499 235.02517072 0. 0. 1.</data></Camera_Matrix>
<Distortion_Coefficients type_id="opencv-matrix">
  <rows>5</rows>
  <cols>1</cols>
  <dt>d</dt>
  <data>
    8.02682191e-03 1.18989422e+00
    2.99368833e-03 3.75639784e-03
    -4.49547299e+00</data></Distortion_Coefficients>
</opencv_storage>
